50
50
1.823333
1.456667
1.786667
1.640000
1.823333
1.786667
1.530000
1.823333
2.666667
3.803333
5.343333
5.783333
6.993333
7.726666
8.093333
8.166667
7.873333
7.873333
8.020000
7.580000
7.653333
7.580000
8.166667
8.020000
7.653333
7.946667
8.093333
8.606667
9.486667
9.560000
9.780000
10.293333
10.440000
10.220000
10.000000
9.926666
9.633333
9.413333
8.606667
9.193334
9.926666
8.240000
9.706667
8.166667
9.046667
8.680000
7.506667
6.296667
6.296667
4.206666
1.640000
1.456667
1.676667
1.640000
1.823333
1.713333
1.530000
1.823333
2.043333
2.593333
4.023334
4.866667
4.940000
5.673333
7.286667
6.480000
6.920000
6.920000
7.286667
5.966667
7.213333
6.480000
7.726666
7.580000
7.140000
7.580000
8.020000
8.606667
9.193334
9.706667
10.000000
10.366667
10.440000
10.146667
9.633333
9.340000
8.460000
8.386666
7.433333
6.920000
6.040000
7.140000
8.606667
6.846667
7.360000
7.506667
6.553333
5.856667
5.086667
3.986667
1.603333
1.456667
1.603333
1.640000
1.786667
1.713333
1.530000
1.860000
1.750000
2.300000
3.106667
3.473333
3.913333
4.500000
4.646667
5.086667
4.573333
5.160000
6.113333
4.940000
5.013333
5.600000
6.993333
7.140000
6.846667
7.286667
7.873333
8.460000
9.046667
9.853333
10.513333
10.366667
10.440000
9.926666
9.120000
8.680000
7.873333
7.140000
6.553333
6.186666
5.380000
5.306667
6.040000
5.380000
5.893333
6.480000
6.076667
5.050000
3.950000
3.840000
1.603333
1.530000
1.530000
1.640000
1.786667
1.640000
1.530000
1.823333
1.713333
2.080000
2.446667
2.923333
3.326667
2.960000
3.400000
3.033333
3.986667
3.986667
4.720000
4.280000
4.500000
4.573333
6.186666
6.626667
6.553333
6.993333
7.726666
8.386666
8.900000
9.853333
10.513333
10.366667
10.440000
9.780000
8.753333
8.240000
7.433333
6.333333
5.893333
5.453333
4.720000
4.280000
5.380000
4.280000
4.646667
5.746666
5.196667
4.390000
3.546667
3.766667
1.420000
1.603333
1.493333
1.676667
1.676667
1.566667
1.530000
1.713333
1.676667
1.566667
1.933333
2.043333
2.520000
2.373333
2.153333
2.520000
3.253333
3.326667
3.180000
3.400000
4.096667
3.913333
5.306667
5.673333
6.480000
6.626667
7.433333
8.166667
8.680000
9.633333
10.513333
10.880000
10.440000
9.633333
8.533334
7.946667
6.993333
5.746666
5.306667
4.866667
3.913333
3.693333
4.940000
3.473333
3.400000
4.720000
3.913333
4.023334
3.033333
3.400000
1.420000
1.640000
1.456667
1.676667
1.456667
1.420000
1.383333
1.713333
1.530000
1.493333
1.640000
1.823333
2.006667
2.153333
1.860000
1.933333
2.520000
2.153333
2.520000
2.373333
3.620000
3.546667
4.793334
4.940000
6.186666
6.406667
7.140000
7.946667
8.460000
9.413333
10.440000
10.953333
10.366667
9.560000
8.313334
7.653333
6.700000
5.526667
4.720000
3.986667
3.473333
3.546667
3.986667
3.253333
2.886667
3.143333
3.620000
3.803333
2.850000
3.070000
1.420000
1.713333
1.346667
1.676667
1.420000
1.310000
1.200000
1.640000
1.310000
1.383333
1.603333
1.420000
1.493333
2.006667
1.786667
1.640000
2.080000
1.493333
2.006667
1.860000
2.960000
3.253333
4.500000
4.646667
5.673333
6.186666
6.846667
7.726666
8.313334
9.266666
10.220000
10.880000
10.146667
9.266666
8.020000
7.286667
6.406667
5.160000
4.280000
3.546667
2.886667
3.253333
3.546667
2.886667
2.666667
2.960000
3.290000
3.290000
2.593333
2.593333
1.420000
1.750000
1.200000
1.676667
1.383333
1.273333
1.200000
1.383333
1.346667
1.273333
1.273333
1.273333
1.200000
1.713333
1.493333
1.420000
1.786667
1.200000
1.640000
1.713333
2.373333
3.106667
4.280000
4.426667
5.233333
5.966667
6.553333
7.506667
8.166667
9.120000
10.073334
10.806666
9.926666
9.193334
7.726666
7.066667
6.186666
5.013333
3.986667
3.180000
2.300000
3.033333
3.253333
2.593333
2.080000
2.630000
2.740000
2.556667
2.263333
2.520000
1.420000
1.750000
1.200000
1.640000
1.346667
1.236667
1.200000
1.053333
1.200000
0.980000
1.200000
1.126667
1.053333
1.566667
1.420000
1.346667
1.786667
1.126667
1.346667
1.566667
2.006667
2.886667
3.986667
4.206666
4.793334
5.636667
6.406667
7.286667
8.020000
8.973333
9.853333
10.660000
9.633333
8.826667
7.433333
6.700000
5.820000
4.720000
3.766667
2.666667
1.786667
2.520000
2.813333
2.006667
1.860000
2.263333
2.446667
2.336667
1.786667
2.336667
1.420000
1.750000
1.200000
1.530000
1.346667
1.200000
1.200000
0.906667
0.906667
0.833333
1.126667
1.053333
1.053333
1.420000
1.420000
1.200000
1.640000
1.053333
1.310000
1.420000
1.676667
2.593333
3.693333
3.913333
4.500000
5.453333
6.260000
7.140000
7.873333
8.900000
9.633333
10.513333
9.486667
8.606667
7.213333
6.186666
5.600000
4.500000
3.620000
2.300000
1.273333
2.226667
2.226667
1.566667
1.566667
2.043333
1.786667
2.153333
1.493333
2.080000
1.420000
1.750000
1.200000
1.493333
1.346667
1.126667
1.200000
0.906667
0.833333
0.833333
1.053333
1.053333
1.053333
1.420000
1.346667
1.200000
1.420000
1.053333
1.346667
1.346667
1.603333
2.300000
3.106667
3.620000
4.206666
5.160000
6.260000
6.993333
7.800000
8.826667
9.486667
10.293333
9.340000
8.313334
6.993333
5.893333
5.233333
4.280000
3.326667
1.933333
0.980000
1.933333
1.786667
1.346667
1.200000
1.676667
1.713333
1.676667
1.053333
1.273333
1.456667
1.676667
1.163333
1.420000
1.346667
1.126667
1.236667
0.980000
0.760000
0.833333
1.053333
1.273333
1.346667
1.420000
1.346667
1.200000
1.346667
0.980000
1.383333
1.126667
1.566667
2.080000
2.593333
3.180000
3.913333
4.793334
6.260000
6.993333
7.653333
8.680000
9.340000
10.146667
8.900000
8.093333
6.700000
5.673333
4.940000
3.986667
2.960000
1.786667
0.760000
1.566667
1.346667
0.980000
0.760000
1.236667
1.346667
1.530000
0.906667
1.163333
1.420000
1.530000
1.126667
1.420000
1.346667
1.053333
1.236667
1.126667
0.906667
0.980000
1.273333
1.786667
1.566667
1.493333
1.346667
1.200000
1.273333
1.053333
1.310000
1.053333
1.566667
2.006667
2.373333
2.740000
3.620000
4.610000
6.113333
6.993333
7.506667
8.386666
9.193334
9.926666
8.753333
7.800000
6.406667
5.453333
4.646667
3.693333
2.666667
1.493333
0.613333
1.346667
1.273333
0.686667
0.466667
0.943333
1.016667
1.236667
0.796667
1.090000
1.420000
1.383333
1.126667
1.383333
1.310000
1.016667
1.236667
1.126667
1.053333
1.200000
1.713333
2.153333
1.933333
1.786667
1.566667
1.346667
1.200000
1.053333
1.310000
1.053333
1.566667
2.006667
2.226667
2.446667
3.326667
4.170000
5.820000
6.626667
7.360000
8.166667
9.193334
9.560000
8.753333
7.506667
6.113333
5.160000
4.500000
3.400000
2.373333
1.346667
0.466667
1.053333
1.200000
0.393333
0.393333
0.760000
0.870000
0.796667
0.650000
0.943333
1.420000
1.310000
1.163333
1.346667
1.273333
0.980000
1.236667
1.200000
1.200000
1.420000
2.080000
2.373333
2.813333
2.373333
2.006667
1.640000
1.200000
1.126667
1.273333
1.053333
1.603333
2.006667
2.153333
2.226667
3.180000
3.840000
5.233333
6.113333
7.140000
8.020000
9.120000
9.340000
8.606667
7.140000
5.746666
5.013333
4.280000
3.180000
2.006667
1.053333
0.320000
0.833333
1.053333
0.246667
0.320000
0.613333
0.760000
0.723333
0.540000
0.943333
1.420000
1.236667
1.236667
1.310000
1.236667
0.980000
1.346667
1.200000
1.200000
1.566667
2.300000
2.740000
3.473333
3.033333
2.080000
1.933333
1.273333
1.200000
1.273333
1.053333
1.713333
2.006667
2.153333
2.153333
2.886667
3.436667
4.500000
5.746666
6.846667
7.873333
8.900000
9.046667
8.093333
6.846667
5.526667
4.720000
4.060000
2.886667
1.713333
0.686667
0.320000
0.613333
1.053333
0.173333
0.320000
0.503333
0.686667
0.503333
0.430000
0.833333
1.420000
1.126667
1.310000
1.383333
1.200000
1.016667
1.420000
1.200000
1.200000
1.860000
2.593333
3.106667
3.693333
3.546667
2.373333
2.006667
1.346667
1.273333
1.273333
1.126667
1.750000
2.080000
2.153333
2.080000
2.740000
3.253333
3.986667
5.453333
6.333333
7.506667
8.753333
8.753333
7.800000
6.626667
5.233333
4.500000
3.913333
2.593333
1.346667
0.466667
0.246667
0.393333
0.906667
0.100000
0.320000
0.466667
0.686667
0.320000
0.430000
0.796667
1.420000
1.090000
1.310000
1.383333
1.200000
1.016667
1.383333
1.200000
1.200000
2.006667
2.740000
3.620000
3.986667
3.766667
2.593333
2.226667
1.493333
1.346667
1.273333
1.126667
1.786667
2.080000
2.153333
2.080000
2.740000
3.143333
3.400000
4.866667
5.893333
7.066667
8.313334
8.313334
7.286667
6.260000
4.720000
4.206666
3.620000
2.226667
1.053333
0.393333
0.173333
0.320000
0.906667
0.026667
0.320000
0.466667
0.650000
0.283333
0.430000
0.723333
1.420000
1.090000
1.310000
1.383333
1.200000
1.090000
1.310000
1.200000
1.200000
2.006667
2.740000
3.766667
4.500000
4.133333
2.666667
2.373333
1.640000
1.346667
1.273333
1.126667
1.823333
2.080000
2.006667
2.153333
2.666667
2.923333
3.033333
4.353333
5.233333
6.626667
7.726666
7.873333
6.626667
5.893333
4.353333
3.986667
3.253333
1.933333
0.833333
0.320000
0.173333
0.100000
0.906667
0.026667
0.320000
0.466667
0.576667
0.283333
0.430000
0.686667
1.420000
1.053333
1.346667
1.200000
1.200000
1.126667
1.200000
1.273333
1.200000
2.006667
2.740000
3.840000
5.086667
4.353333
2.740000
2.520000
1.640000
1.346667
1.346667
1.273333
1.896667
2.080000
2.006667
2.153333
2.520000
2.666667
2.740000
3.766667
4.646667
6.186666
7.433333
7.433333
6.260000
5.380000
4.133333
3.546667
2.740000
1.640000
0.760000
0.320000
0.173333
0.026667
0.906667
0.026667
0.320000
0.466667
0.503333
0.283333
0.430000
0.686667
1.420000
1.016667
1.346667
1.200000
1.200000
1.200000
1.163333
1.200000
1.200000
2.006667
2.593333
3.840000
5.160000
4.426667
2.886667
2.666667
1.713333
1.346667
1.383333
1.420000
1.933333
2.226667
2.006667
2.153333
2.446667
2.520000
2.593333
3.033333
3.766667
5.306667
6.920000
7.140000
5.820000
5.013333
3.766667
3.326667
2.300000
1.346667
0.466667
0.246667
0.173333
0.026667
0.760000
-0.046667
0.246667
0.466667
0.466667
0.283333
0.430000
0.686667
1.420000
1.016667
1.383333
1.200000
1.200000
1.310000
1.126667
1.200000
1.126667
1.860000
2.446667
3.840000
5.160000
4.353333
2.886667
2.666667
1.786667
1.346667
1.713333
1.420000
2.080000
2.373333
2.006667
2.300000
2.373333
2.520000
2.373333
2.446667
2.886667
4.060000
6.480000
6.700000
5.526667
4.573333
3.400000
2.960000
2.006667
1.126667
0.393333
0.320000
0.173333
-0.120000
0.540000
0.026667
0.246667
0.466667
0.466667
0.283333
0.430000
0.650000
1.420000
1.016667
1.383333
1.163333
1.200000
1.310000
1.090000
1.126667
1.053333
1.640000
2.300000
3.766667
5.160000
4.206666
2.960000
2.666667
1.860000
1.493333
1.860000
1.713333
2.116667
2.593333
2.153333
2.446667
2.300000
2.483333
2.153333
1.933333
2.300000
3.180000
5.893333
6.186666
4.866667
4.206666
3.033333
2.666667
1.713333
0.980000
0.246667
0.320000
0.320000
-0.046667
0.393333
0.026667
0.246667
0.466667
0.466667
0.283333
0.430000
0.576667
1.456667
1.016667
1.383333
1.126667
1.236667
1.310000
1.090000
1.053333
0.833333
1.273333
2.080000
3.546667
4.940000
4.060000
2.960000
2.666667
2.006667
1.786667
2.043333
1.860000
2.226667
2.740000
2.226667
2.593333
2.300000
2.446667
2.080000
1.603333
1.640000
2.593333
4.500000
5.380000
4.060000
3.620000
2.886667
2.153333
1.420000
0.833333
0.173333
0.320000
0.466667
0.173333
0.393333
0.100000
0.246667
0.466667
0.466667
0.283333
0.430000
0.540000
1.456667
1.016667
1.383333
1.126667
1.236667
1.346667
1.090000
1.053333
0.760000
0.980000
2.006667
3.326667
4.720000
3.913333
2.886667
2.666667
2.153333
1.933333
2.373333
2.080000
2.300000
2.886667
2.300000
2.886667
2.593333
2.446667
2.043333
1.603333
0.980000
2.153333
3.693333
4.573333
3.473333
3.253333
2.593333
1.786667
1.200000
0.760000
0.173333
0.320000
0.466667
0.320000
0.393333
0.100000
0.246667
0.503333
0.466667
0.320000
0.466667
0.503333
1.456667
1.053333
1.383333
1.126667
1.236667
1.383333
1.090000
0.980000
0.760000
0.906667
1.713333
2.886667
4.280000
3.400000
2.666667
2.813333
2.300000
2.080000
2.703333
2.300000
2.446667
2.960000
2.520000
2.886667
2.666667
2.483333
2.043333
1.603333
0.980000
1.676667
2.960000
3.766667
2.886667
2.886667
2.153333
1.200000
0.980000
0.613333
0.173333
0.320000
0.540000
0.466667
0.466667
0.246667
0.246667
0.503333
0.540000
0.540000
0.466667
0.503333
1.456667
1.090000
1.383333
1.126667
1.273333
1.346667
1.090000
0.906667
0.760000
0.906667
1.273333
2.226667
3.400000
2.740000
2.446667
2.813333
2.446667
2.373333
2.923333
2.593333
2.666667
3.326667
2.593333
3.033333
2.666667
2.556667
2.043333
1.603333
0.980000
1.236667
2.373333
2.960000
2.226667
2.446667
1.566667
1.053333
0.760000
0.393333
0.173333
0.320000
0.613333
0.540000
0.613333
0.393333
0.246667
0.576667
0.613333
0.540000
0.466667
0.503333
1.383333
1.126667
1.346667
1.163333
1.346667
1.346667
1.090000
0.833333
0.760000
0.906667
1.200000
1.493333
2.006667
1.786667
2.300000
2.813333
2.446667
2.446667
3.143333
2.740000
2.960000
3.546667
2.813333
3.180000
2.666667
2.593333
2.153333
1.603333
1.016667
0.650000
1.640000
2.226667
1.713333
1.933333
1.273333
0.906667
0.613333
0.320000
0.173333
0.320000
0.613333
0.760000
0.613333
0.540000
0.246667
0.650000
0.686667
0.576667
0.540000
0.503333
1.456667
1.163333
1.346667
1.200000
1.346667
1.236667
1.090000
0.833333
0.833333
0.906667
1.053333
1.126667
1.566667
1.750000
2.080000
2.813333
2.446667
2.520000
3.253333
3.473333
3.583333
3.546667
3.033333
3.473333
3.106667
2.593333
2.190000
1.640000
1.016667
0.540000
1.200000
1.713333
1.420000
1.493333
1.053333
0.906667
0.540000
0.320000
0.173333
0.393333
0.686667
0.906667
0.686667
0.613333
0.320000
0.760000
0.760000
0.650000
0.576667
0.503333
1.456667
1.273333
1.346667
1.200000
1.383333
1.273333
1.200000
0.906667
0.906667
0.980000
1.053333
0.980000
1.346667
1.456667
1.860000
2.666667
2.520000
2.666667
3.290000
3.546667
3.766667
3.620000
3.326667
3.620000
3.143333
2.593333
2.226667
1.676667
1.090000
0.723333
1.126667
1.566667
1.200000
1.200000
0.980000
0.833333
0.540000
0.320000
0.246667
0.466667
0.760000
1.053333
0.686667
0.686667
0.246667
0.870000
0.943333
0.723333
0.650000
0.503333
1.456667
1.383333
1.346667
1.200000
1.420000
1.273333
1.200000
1.053333
0.980000
0.980000
1.053333
0.980000
1.200000
1.456667
1.713333
2.520000
2.520000
2.960000
3.326667
3.693333
4.023334
3.620000
3.620000
3.693333
3.216667
2.703333
2.300000
1.750000
1.273333
0.760000
1.126667
1.566667
1.126667
1.053333
0.833333
0.760000
0.540000
0.320000
0.320000
0.613333
0.906667
1.126667
0.760000
0.760000
0.246667
0.943333
0.980000
0.833333
0.760000
0.576667
1.456667
1.456667
1.310000
1.273333
1.420000
1.273333
1.310000
1.200000
1.126667
0.980000
1.053333
0.980000
1.126667
1.456667
1.566667
2.520000
2.520000
2.960000
3.326667
3.840000
4.206666
3.620000
3.766667
3.766667
3.290000
2.813333
2.410000
1.823333
1.383333
0.833333
1.126667
1.566667
1.053333
1.053333
0.833333
0.686667
0.686667
0.393333
0.466667
0.760000
1.126667
1.200000
0.833333
0.906667
0.246667
1.053333
1.126667
0.870000
0.796667
0.760000
1.456667
1.530000
1.273333
1.273333
1.456667
1.273333
1.346667
1.346667
1.126667
1.053333
0.980000
0.980000
1.053333
1.456667
1.493333
2.446667
2.520000
2.960000
3.326667
3.840000
4.280000
3.546667
3.913333
3.766667
3.400000
2.960000
2.556667
1.970000
1.420000
0.906667
1.053333
1.493333
0.980000
0.906667
0.833333
0.686667
0.833333
0.613333
0.686667
1.200000
1.346667
1.273333
0.906667
0.906667
0.393333
1.236667
1.200000
1.016667
0.833333
0.980000
1.456667
1.530000
1.236667
1.383333
1.456667
1.273333
1.346667
1.493333
1.200000
1.053333
0.980000
0.980000
1.126667
1.346667
1.420000
2.373333
2.520000
2.960000
3.290000
3.840000
4.353333
3.620000
3.913333
3.840000
3.546667
3.216667
2.703333
2.153333
1.530000
1.053333
1.053333
1.346667
0.980000
0.906667
0.833333
0.686667
1.126667
0.833333
0.980000
1.640000
1.786667
1.493333
0.980000
0.980000
0.540000
1.346667
1.420000
1.090000
1.090000
1.126667
1.456667
1.566667
1.200000
1.493333
1.456667
1.273333
1.346667
1.493333
1.346667
1.053333
0.980000
0.980000
1.273333
1.383333
1.273333
2.226667
2.446667
2.886667
3.290000
3.840000
4.353333
3.693333
3.913333
3.840000
3.583333
3.363333
2.813333
2.300000
1.603333
1.163333
1.053333
1.273333
0.833333
0.906667
0.833333
0.833333
1.346667
1.200000
1.493333
2.300000
2.226667
1.786667
1.200000
0.980000
0.760000
1.456667
1.493333
1.163333
1.200000
1.236667
1.456667
1.566667
1.200000
1.530000
1.493333
1.273333
1.310000
1.640000
1.346667
1.053333
1.053333
0.980000
1.346667
1.493333
1.273333
2.080000
2.373333
2.776667
3.290000
3.876667
4.353333
3.693333
3.950000
3.913333
3.583333
3.436667
2.923333
2.446667
1.676667
1.236667
1.126667
1.273333
0.833333
0.906667
0.833333
1.053333
1.420000
1.786667
2.153333
3.106667
2.813333
2.520000
1.566667
1.053333
0.906667
1.603333
1.640000
1.200000
1.456667
1.273333
1.456667
1.566667
1.200000
1.566667
1.493333
1.273333
1.236667
1.640000
1.346667
1.053333
1.053333
1.126667
1.346667
1.530000
1.346667
1.933333
2.153333
2.740000
3.290000
3.876667
4.353333
3.766667
3.986667
3.986667
3.620000
3.583333
3.143333
2.740000
1.860000
1.346667
1.126667
1.273333
0.833333
0.906667
0.906667
1.420000
1.640000
2.373333
3.033333
3.986667
3.400000
3.326667
2.080000
1.273333
1.126667
1.713333
1.860000
1.310000
1.676667
1.420000
1.456667
1.566667
1.200000
1.603333
1.493333
1.273333
1.200000
1.566667
1.273333
1.053333
1.053333
1.383333
1.346667
1.530000
1.420000
1.933333
2.153333
2.740000
3.290000
3.913333
4.353333
3.840000
4.170000
3.986667
3.766667
3.620000
3.363333
2.813333
2.043333
1.383333
1.126667
1.236667
0.906667
0.906667
1.310000
1.713333
2.153333
2.740000
3.840000
4.866667
5.453333
3.986667
2.520000
1.713333
1.640000
2.190000
2.226667
1.640000
1.933333
1.566667
1.383333
1.566667
1.236667
1.603333
1.493333
1.346667
1.200000
1.493333
1.200000
0.980000
1.126667
1.383333
1.346667
1.603333
1.493333
1.970000
2.190000
2.740000
3.290000
3.913333
4.390000
3.913333
4.170000
3.986667
4.060000
3.913333
3.473333
2.923333
2.153333
1.603333
1.310000
1.346667
1.126667
1.346667
1.383333
1.640000
2.593333
3.400000
4.500000
5.600000
6.040000
4.573333
3.033333
2.226667
2.226667
2.850000
2.483333
2.080000
2.116667
1.640000
1.456667
1.566667
1.236667
1.640000
1.493333
1.346667
1.200000
1.346667
1.053333
0.980000
1.420000
1.383333
1.383333
1.530000
1.750000
1.970000
2.263333
2.776667
3.290000
3.913333
4.390000
4.170000
4.170000
4.060000
4.133333
3.986667
3.620000
3.143333
2.226667
1.750000
1.493333
1.346667
1.420000
1.346667
1.566667
2.666667
2.886667
3.986667
5.160000
6.113333
6.553333
5.160000
3.620000
3.473333
2.886667
3.436667
3.253333
2.703333
2.336667
1.786667
1.456667
1.566667
1.273333
1.676667
1.530000
1.420000
1.200000
1.200000
0.906667
0.980000
1.456667
1.383333
1.456667
1.530000
1.786667
2.006667
2.336667
2.813333
3.326667
3.950000
4.390000
4.170000
4.170000
4.133333
4.133333
4.023334
3.693333
3.290000
2.300000
1.933333
1.713333
1.640000
1.493333
1.420000
1.896667
2.813333
3.326667
4.280000
5.600000
6.773334
6.920000
5.820000
4.133333
4.206666
3.473333
4.096667
3.986667
3.033333
2.520000
2.116667
1.420000
1.530000
1.273333
1.676667
1.530000
1.493333
1.383333
1.053333
1.236667
1.053333
1.456667
1.383333
1.493333
1.603333
1.823333
2.043333
2.446667
2.886667
3.363333
3.950000
4.390000
4.170000
4.170000
4.096667
3.986667
3.986667
3.693333
3.290000
2.373333
2.080000
1.896667
1.713333
1.750000
1.823333
2.006667
3.033333
3.986667
5.013333
5.893333
7.213333
7.433333
6.480000
5.160000
4.793334
4.206666
4.830000
4.720000
3.620000
2.666667
2.263333
1.420000
1.493333
1.310000
1.676667
1.530000
1.530000
1.383333
1.053333
1.200000
1.346667
1.456667
1.383333
1.530000
1.676667
1.933333
2.116667
2.483333
2.960000
3.436667
3.986667
4.390000
4.170000
4.206666
3.986667
3.876667
3.950000
3.693333
3.290000
2.373333
2.226667
2.116667
1.786667
1.970000
2.336667
2.336667
3.180000
4.170000
5.306667
6.333333
7.800000
7.873333
7.506667
6.553333
5.380000
4.940000
5.673333
5.673333
4.096667
3.180000
2.446667
1.420000
1.383333
1.310000
1.676667
1.530000
1.530000
1.383333
1.126667
1.200000
1.346667
1.493333
1.420000
1.566667
1.823333
2.006667
2.190000
2.593333
2.996667
3.510000
4.060000
4.390000
4.170000
4.206666
3.950000
3.620000
3.950000
3.656667
3.180000
2.410000
2.300000
2.263333
1.823333
2.116667
2.813333
2.666667
3.216667
4.683333
5.820000
6.846667
8.093333
8.606667
7.800000
7.653333
6.773334
6.406667
7.030000
6.810000
4.536667
3.840000
2.593333
1.383333
1.273333
1.310000
1.676667
1.530000
1.530000
1.383333
1.126667
1.163333
1.346667
1.493333
1.420000
1.566667
1.896667
2.043333
2.263333
2.630000
3.070000
3.620000
4.096667
4.390000
4.170000
4.206666
3.876667
3.473333
3.913333
3.620000
3.106667
2.520000
2.410000
2.300000
1.896667
2.336667
3.033333
2.886667
3.290000
4.940000
6.406667
7.213333
8.240000
9.120000
8.533334
8.386666
7.580000
7.066667
8.020000
7.286667
5.416667
4.426667
2.813333
1.420000
0.796667
1.383333
1.676667
1.530000
1.530000
1.383333
1.090000
1.090000
1.346667
1.493333
1.420000
1.566667
1.970000
2.043333
2.300000
2.666667
3.143333
3.656667
4.133333
4.390000
4.170000
4.206666
3.803333
3.473333
3.620000
3.620000
3.106667
2.776667
2.556667
2.373333
1.933333
2.556667
3.143333
3.106667
4.133333
5.086667
6.993333
7.800000
8.386666
9.486667
9.193334
9.120000
9.193334
9.046667
8.863334
7.983333
6.516667
5.123333
3.656667
1.420000
1.016667
1.383333
1.640000
1.530000
1.456667
1.383333
1.090000
0.980000
1.346667
1.493333
1.420000
1.640000
1.970000
2.043333
2.300000
2.740000
3.216667
3.730000
4.133333
4.390000
4.170000
4.206666
3.803333
3.400000
3.583333
3.620000
3.033333
2.960000
2.630000
2.446667
2.080000
2.593333
3.510000
4.280000
5.086667
5.600000
7.506667
8.240000
8.826667
9.853333
9.706667
10.146667
10.000000
9.706667
9.413333
8.350000
7.066667
5.490000
3.840000
1.420000
1.053333
1.493333
1.566667
1.493333
1.420000
1.310000
0.723333
0.943333
1.346667
1.493333
1.420000
1.676667
2.006667
2.043333
2.336667
2.813333
3.326667
3.766667
4.133333
4.390000
4.170000
4.206666
3.656667
3.326667
3.546667
3.620000
3.033333
3.106667
2.776667
2.483333
2.080000
2.666667
3.730000
4.976666
5.746666
6.516667
8.900000
8.900000
9.266666
10.073334
10.000000
10.220000
10.000000
10.000000
9.926666
9.010000
7.433333
5.710000
4.536667
1.273333
1.090000
1.493333
1.456667
1.420000
1.310000
1.236667
0.576667
0.833333
1.310000
1.493333
1.420000
1.640000
2.006667
2.043333
2.336667
2.960000
3.546667
3.693333
4.133333
4.390000
4.133333
4.206666
3.656667
3.253333
3.546667
3.620000
2.996667
3.180000
2.850000
2.483333
2.080000
2.740000
3.950000
5.196667
6.186666
7.470000
9.413333
9.120000
9.706667
10.220000
10.293333
10.220000
10.220000
10.220000
10.440000
9.486667
8.386666
6.333333
4.756667
1.383333
1.090000
1.493333
1.273333
1.346667
1.236667
1.200000
0.503333
0.760000
1.310000
1.456667
1.420000
1.603333
2.006667
2.043333
2.373333
3.033333
3.656667
3.583333
4.133333
4.390000
4.133333
4.206666
3.620000
3.143333
3.546667
3.620000
2.960000
3.326667
2.226667
2.483333
2.043333
2.813333
4.096667
5.673333
7.176667
8.350000
10.146667
10.146667
10.146667
10.146667
10.146667
10.146667
10.146667
10.366667
10.476666
10.000000
8.533334
6.920000
5.050000
---------
13.000000
2.500000
-8.500000
150.000000
20.000000
13
7.000000
-11.000000
13.000000
-18.000000
24.000000
-25.000000
37.000000
-30.000000
27.000000
-38.000000
13.000000
-43.000000
29.000000
-47.000000
31.000000
-33.000000
40.000000
-24.000000
40.000000
-11.000000
29.000000
-4.000000
7.000000
-16.000000
10.000000 
-43.000000
100